 76, 75, 75, 75, 74, 75, 75, 74, 74, 75, 75, 74, 68, 46, 11, 4, 5, 5, 4, 5, 5, 4, 4, 5, 5, 5, 5, 6, 6, 5, 6, 9, 13, 15, 16, 18, 24, 24, 24, 28, 31, 32, 30, 29, 26, 24, 25, 28, 30, 34, 36, 40, 42, 42, 44, 45, 48, 50, 49, 48, 48, 45, 42, 37, 37, 37, 38, 40, 40, 31, 26, 26, 23, 20, 17, 23, 33, 36, 29, 19, 13, 10, 5, 4, 5, 6, 5, 6, 9, 11, 11, 12, 15, 40, 110, 182, 203, 95, 64, 74
 77, 78, 76, 75, 75, 75, 74, 76, 75, 75, 74, 72, 62, 19, 4, 4, 4, 5, 5, 5, 5, 5, 5, 5, 5, 5, 5, 5, 5, 9, 13, 13, 14, 19, 18, 22, 23, 24, 28, 31, 32, 34, 35, 35, 36, 37, 36, 38, 40, 40, 41, 40, 44, 45, 45, 47, 50, 51, 53, 54, 54, 55, 55, 54, 52, 47, 45, 49, 52, 54, 47, 36, 32, 27, 26, 25, 30, 36, 36, 27, 19, 12, 6, 5, 4, 5, 5, 7, 7, 10, 12, 15, 20, 64, 175, 173, 174, 85, 40, 106
 79, 80, 76, 77, 77, 76, 77, 75, 75, 74, 73, 68, 37, 6, 4, 4, 5, 4, 5, 5, 4, 5, 4, 5, 5, 5, 6, 8, 12, 13, 15, 16, 17, 17, 23, 23, 23, 25, 27, 31, 33, 36, 37, 37, 38, 38, 39, 40, 40, 41, 43, 45, 44, 43, 46, 50, 50, 52, 53, 53, 53, 54, 58, 61, 63, 70, 76, 78, 76, 83, 79, 70, 49, 36, 31, 33, 35, 39, 39, 35, 27, 16, 9, 5, 5, 4, 8, 11, 7, 8, 10, 17, 33, 127, 247, 225, 166, 57, 36, 127
 78, 79, 79, 79, 79, 77, 76, 75, 75, 74, 70, 56, 20, 3, 5, 4, 4, 5, 4, 5, 5, 5, 4, 5, 5, 6, 10, 14, 16, 17, 17, 18, 18, 19, 21, 23, 24, 25, 26, 30, 32, 36, 36, 38, 40, 39, 40, 42, 41, 45, 44, 44, 44, 45, 47, 49, 50, 48, 51, 50, 54, 56, 58, 61, 65, 74, 79, 92, 107, 113, 109, 105, 89, 72, 42, 44, 42, 43, 44, 41, 32, 18, 10, 8, 5, 4, 10, 12, 7, 8, 14, 22, 33, 182, 210, 187, 140, 27, 42, 143
 77, 79, 79, 80, 78, 76, 75, 75, 76, 71, 67, 43, 9, 3, 5, 5, 5, 5, 5, 5, 5, 5, 5, 4, 7, 10, 15, 16, 18, 19, 20, 20, 21, 21, 22, 24, 24, 24, 26, 30, 33, 34, 34, 38, 39, 40, 41, 43, 43, 43, 44, 43, 44, 43, 46, 47, 46, 47, 50, 49, 52, 56, 59, 61, 65, 75, 85, 96, 110, 121, 127, 130, 128, 118, 87, 65, 53, 57, 62, 51, 39, 23, 16, 11, 8, 6, 8, 8, 7, 9, 16, 22, 55, 172, 143, 193, 117, 12, 74, 133
 78, 79, 78, 77, 76, 75, 74, 75, 74, 68, 61, 32, 3, 4, 5, 4, 5, 4, 4, 5, 6, 5, 5, 10, 14, 17, 20, 22, 21, 22, 23, 23, 23, 23, 24, 23, 23, 24, 28, 31, 31, 31, 35, 36, 39, 42, 43, 44, 44, 43, 44, 44, 45, 45, 47, 47, 45, 48, 50, 51, 52, 57, 61, 64, 67, 75, 89, 99, 116, 131, 135, 137, 138, 133, 124, 97, 84, 76, 76, 64, 47, 34, 27, 18, 8, 8, 11, 9, 10, 11, 16, 18, 42, 135, 57, 99, 83, 25, 88, 117
 82, 79, 77, 76, 76, 75, 75, 75, 73, 68, 55, 18, 2, 5, 5, 4, 5, 4, 4, 5, 5, 5, 11, 18, 22, 23, 23, 23, 23, 23, 23, 24, 24, 24, 24, 24, 24, 26, 29, 30, 32, 32, 34, 36, 40, 43, 44, 43, 43, 44, 44, 45, 46, 46, 49, 49, 48, 49, 52, 50, 53, 57, 60, 65, 72, 79, 91, 104, 122, 133, 140, 143, 140, 136, 133, 117, 106, 90, 79, 64, 56, 49, 39, 19, 9, 8, 10, 10, 12, 15, 16, 17, 26, 52, 64, 97, 64, 30, 110, 134
 78, 78, 76, 76, 75, 75, 74, 73, 69, 67, 47, 6, 3, 4, 7, 5, 5, 4, 4, 5, 3, 9, 19, 23, 25, 24, 23, 24, 24, 23, 24, 25, 24, 23, 23, 24, 23, 25, 27, 28, 31, 32, 34, 34, 37, 41, 42, 43, 44, 44, 45, 43, 47, 49, 50, 51, 50, 50, 49, 50, 53, 55, 60, 66, 74, 82, 95, 105, 122, 135, 138, 141, 142, 138, 138, 143, 126, 102, 81, 69, 67, 58, 43, 26, 9, 11, 11, 13, 15, 14, 16, 17, 23, 30, 75, 76, 32, 51, 127, 147
 79, 77, 76, 75, 75, 74, 73, 72, 70, 68, 37, 6, 4, 4, 5, 5, 5, 4, 7, 4, 7, 18, 24, 27, 25, 24, 23, 24, 25, 26, 25, 24, 23, 24, 23, 23, 24, 25, 26, 27, 29, 32, 34, 38, 41, 42, 39, 42, 44, 44, 43, 48, 50, 51, 50, 51, 52, 51, 51, 51, 53, 58, 63, 70, 75, 80, 94, 105, 116, 132, 138, 136, 134, 135, 141, 147, 154, 144, 113, 99, 82, 70, 59, 40, 20, 13, 14, 16, 15, 13, 15, 20, 23, 25, 44, 52, 26, 67, 135, 143
 79, 76, 77, 75, 75, 76, 75, 74, 69, 67, 42, 6, 3, 4, 4, 4, 5, 9, 5, 7, 18, 26, 29, 31, 29, 25, 24, 26, 26, 25, 24, 24, 24, 24, 23, 24, 25, 26, 27, 30, 31, 32, 36, 37, 41, 43, 43, 43, 44, 44, 44, 45, 47, 51, 52, 53, 53, 52, 52, 53, 57, 60, 66, 72, 75, 80, 91, 102, 112, 118, 124, 128, 130, 131, 123, 139, 156, 159, 141, 120, 102, 86, 74, 53, 28, 16, 17, 17, 18, 14, 16, 19, 24, 25, 28, 27, 24, 79, 142, 144
 80, 79, 79, 78, 77, 76, 75, 75, 71, 66, 45, 7, 3, 5, 5, 4, 5, 4, 8, 17, 27, 31, 32, 31, 30, 29, 26, 25, 26, 26, 25, 25, 24, 23, 23, 24, 25, 27, 29, 30, 32, 32, 36, 37, 41, 43, 43, 43, 43, 44, 44, 44, 47, 50, 52, 54, 53, 53, 54, 57, 60, 65, 70, 73, 77, 80, 86, 97, 103, 110, 115, 122, 129, 134, 132, 136, 167, 171, 165, 139, 122, 113, 90, 63, 36, 22, 17, 15, 14, 13, 15, 20, 24, 29, 32, 31, 33, 87, 146, 135
 78, 78, 78, 77, 76, 75, 75, 74, 68, 64, 41, 3, 5, 5, 5, 4, 4, 7, 17, 24, 29, 31, 32, 32, 31, 30, 27, 27, 25, 26, 26, 25, 24, 23, 24, 24, 23, 26, 30, 31, 32, 34, 37, 39, 41, 44, 43, 44, 44, 45, 45, 44, 47, 51, 52, 54, 54, 55, 58, 59, 62, 66, 70, 75, 77, 82, 87, 95, 100, 106, 112, 119, 130, 139, 146, 157, 170, 177, 176, 163, 148, 139, 106, 75, 46, 24, 17, 13, 12, 14, 17, 20, 26, 33, 36, 35, 43, 99, 149, 127
 79, 78, 76, 75, 75, 75, 74, 72, 67, 63, 31, 3, 5, 5, 4, 4, 4, 12, 22, 29, 31, 31, 32, 32, 31, 30, 29, 28, 25, 25, 25, 24, 23, 24, 23, 24, 25, 28, 30, 31, 34, 36, 38, 41, 42, 45, 46, 45, 45, 46, 47, 48, 50, 51, 54, 55, 56, 58, 60, 63, 65, 67, 69, 74, 77, 81, 87, 94, 98, 104, 111, 118, 127, 139, 149, 160, 174, 182, 177, 169, 161, 156, 128, 91, 54, 27, 19, 16, 15, 16, 18, 22, 29, 36, 40, 39, 48, 113, 147, 122
 79, 79, 77, 76, 76, 75, 75, 72, 67, 64, 26, 1, 4, 4, 4, 4, 5, 14, 25, 30, 31, 31, 31, 32, 30, 31, 30, 29, 26, 25, 24, 24, 24, 24, 23, 25, 28, 30, 31, 33, 34, 35, 38, 41, 45, 47, 50, 49, 47, 47, 47, 48, 52, 52, 55, 57, 57, 60, 62, 65, 66, 67, 70, 75, 77, 79, 86, 96, 98, 103, 108, 116, 124, 136, 150, 165, 178, 181, 181, 172, 166, 159, 138, 101, 62, 31, 24, 19, 17, 18, 23, 20, 30, 38, 40, 37, 52, 121, 136, 115
 79, 79, 77, 76, 74, 75, 75, 73, 68, 59, 28, 1, 5, 4, 5, 6, 6, 17, 26, 30, 30, 32, 31, 30, 30, 30, 30, 26, 25, 26, 26, 25, 24, 25, 26, 24, 28, 31, 32, 34, 37, 38, 38, 42, 45, 48, 49, 51, 50, 48, 46, 48, 51, 53, 55, 57, 57, 61, 64, 66, 67, 68, 71, 75, 78, 82, 87, 97, 102, 104, 107, 113, 123, 135, 154, 167, 175, 181, 182, 177, 173, 164, 141, 109, 65, 35, 25, 20, 18, 21, 25, 19, 36, 40, 40, 37, 66, 116, 126, 112
 79, 77, 78, 76, 77, 76, 74, 73, 68, 57, 18, 1, 4, 5, 5, 7, 10, 21, 26, 30, 30, 31, 32, 31, 31, 30, 30, 27, 25, 25, 27, 27, 26, 25, 24, 26, 31, 31, 31, 36, 38, 41, 42, 44, 48, 50, 51, 50, 49, 49, 50, 51, 51, 54, 57, 57, 59, 64, 67, 68, 69, 72, 74, 75, 76, 83, 89, 97, 102, 104, 108, 116, 129, 138, 153, 163, 176, 181, 182, 179, 179, 173, 155, 115, 70, 39, 23, 23, 22, 25, 26, 21, 37, 40, 41, 40, 78, 117, 117, 113
 77, 79, 76, 76, 75, 75, 74, 70, 66, 56, 15, 2, 5, 5, 4, 2, 12, 22, 28, 31, 31, 31, 31, 32, 32, 31, 30, 30, 27, 26, 26, 27, 27, 27, 29, 30, 32, 33, 35, 39, 43, 44, 44, 46, 49, 52, 54, 53, 51, 50, 51, 51, 52, 55, 57, 59, 61, 66, 68, 69, 71, 74, 76, 78, 82, 88, 96, 98, 104, 107, 114, 120, 131, 143, 154, 164, 173, 180, 183, 186, 188, 171, 142, 121, 76, 39, 27, 27, 28, 27, 24, 20, 38, 42, 41, 47, 89, 121, 111, 114
 80, 79, 79, 76, 76, 75, 74, 70, 66, 49, 13, 2, 5, 5, 5, 4, 13, 24, 28, 30, 30, 32, 32, 32, 32, 31, 30, 30, 29, 30, 29, 27, 28, 31, 31, 30, 33, 34, 36, 39, 43, 44, 46, 47, 53, 55, 58, 56, 53, 51, 51, 53, 53, 57, 59, 59, 64, 67, 69, 73, 75, 75, 77, 80, 83, 90, 97, 101, 106, 112, 119, 128, 141, 149, 158, 166, 175, 181, 186, 189, 194, 189, 172, 134, 83, 38, 27, 28, 32, 29, 23, 30, 37, 41, 38, 47, 96, 120, 112, 124
 81, 80, 80, 77, 75, 75, 73, 68, 60, 38, 12, 3, 6, 5, 5, 3, 13, 22, 27, 31, 30, 31, 30, 31, 32, 31, 31, 29, 30, 30, 30, 32, 30, 29, 31, 31, 32, 37, 39, 40, 43, 44, 46, 51, 52, 54, 57, 59, 56, 53, 53, 52, 56, 58, 58, 61, 66, 67, 71, 76, 76, 76, 77, 81, 85, 91, 98, 105, 111, 119, 129, 137, 143, 152, 164, 170, 174, 180, 186, 188, 195, 192, 165, 132, 83, 41, 28, 32, 31, 27, 16, 29, 39, 40, 39, 51, 96, 111, 108, 132
 81, 81, 78, 77, 75, 75, 71, 67, 58, 30, 5, 5, 5, 6, 5, 4, 16, 24, 28, 30, 30, 30, 31, 31, 31, 32, 32, 32, 31, 30, 30, 30, 30, 32, 31, 32, 33, 36, 40, 44, 44, 44, 48, 50, 52, 55, 58, 59, 58, 55, 53, 55, 57, 58, 59, 63, 67, 72, 73, 76, 77, 77, 77, 79, 84, 90, 96, 106, 115, 124, 133, 142, 148, 152, 164, 170, 176, 183, 188, 191, 194, 195, 184, 148, 83, 39, 34, 35, 28, 24, 21, 31, 39, 42, 42, 55, 88, 107, 116, 133
 82, 80, 78, 77, 76, 75, 71, 63, 50, 26, 4, 6, 5, 5, 5, 4, 15, 24, 28, 30, 30, 30, 32, 32, 32, 32, 32, 33, 31, 29, 27, 32, 30, 31, 31, 33, 36, 38, 40, 42, 44, 46, 47, 51, 52, 54, 56, 56, 57, 53, 53, 55, 57, 57, 60, 65, 67, 70, 73, 75, 76, 77, 76, 78, 82, 90, 96, 103, 112, 122, 133, 144, 152, 157, 166, 173, 179, 185, 189, 193, 197, 195, 189, 156, 86, 42, 40, 37, 29, 26, 26, 32, 39, 41, 44, 56, 77, 100, 123, 139
 82, 80, 79, 78, 77, 75, 69, 61, 43, 27, 5, 5, 5, 4, 4, 4, 17, 26, 31, 30, 31, 32, 32, 32, 33, 31, 30, 29, 28, 26, 26, 28, 27, 27, 29, 33, 35, 38, 40, 41, 44, 45, 48, 51, 52, 54, 55, 56, 57, 55, 56, 56, 55, 57, 63, 67, 69, 70, 72, 75, 77, 78, 78, 82, 85, 92, 96, 99, 104, 114, 129, 143, 153, 161, 168, 175, 181, 187, 191, 196, 199, 197, 183, 152, 82, 47, 43, 38, 27, 24, 28, 34, 38, 41, 44, 55, 67, 92, 133, 149
 81, 79, 78, 78, 76, 74, 68, 54, 38, 26, 5, 4, 5, 4, 5, 6, 20, 27, 32, 31, 31, 33, 33, 33, 33, 31, 24, 19, 17, 19, 19, 19, 18, 20, 23, 26, 30, 33, 35, 39, 41, 43, 46, 49, 52, 55, 56, 56, 57, 56, 55, 58, 59, 60, 64, 67, 70, 71, 71, 74, 76, 77, 77, 80, 83, 84, 89, 89, 94, 103, 115, 124, 140, 156, 169, 178, 182, 186, 192, 200, 201, 198, 188, 143, 81, 49, 46, 37, 24, 23, 31, 38, 39, 41, 40, 48, 60, 83, 136, 158
 